22909203 0.000015
23060410 0.000208
22949297 0.000258
23192585 0.000017
23606320 0.000052
23697326 0.000136
23479082 0.000081
23736569 0.000026
23726827 0.000071
23680996 0.000230
23725948 0.000034
23762243 0.000144
23631939 0.000015
23487638 0.000051
23789424 0.000060
23632826 0.000031
22109378 0.000025
23705668 0.000113
23754865 0.000020
23330040 0.000059
23632314 0.000096
23818898 0.000008
23684930 0.000255
23792849 0.000248
23749222 0.000041
23631836 0.000126
23710316 0.000096
23705607 0.000015
23783780 0.000257
23673669 0.000542
