4749258 6934267.146196
4882428 5497325.340554
4842987 4407457.775730
4892911 4653774.737046
4851843 5375906.969423
4891084 4584468.727667
4892005 5529232.441770
4909880 6943173.290014
4898159 3629239.435214
4911869 5310101.135110
4915299 5338166.904832
4897665 7375710.795793
4918989 7811992.266380
4910742 7897029.175326
4906061 2502533.842374
4913200 4887709.780834
4891449 5833900.567041
4906093 5730895.888387
4898738 4610089.515349
4821765 5428567.914363
4903303 5954343.937739
4900873 4406675.076020
4908517 3074932.572636
4914870 6651991.016062
4918663 5774906.185148
4902748 5033712.564282
4893969 6794939.826622
4913281 2439872.686031
4902316 3410290.646223
4906103 7084684.869049
