12888490 7.527528
14003663 15.114892
14107347 7.625764
14180623 38.631427
14297703 45.789434
14288775 15.758569
14148247 45.803454
14304053 12.426288
14234529 6.784033
14274370 7.546040
14276945 39.348911
14250905 12.671491
14253753 4.006076
14275833 15.651273
14320089 3.844076
14284883 14.999730
14199808 11.549345
14290010 23.929556
14255825 37.957150
14318108 8.345207
14288584 32.921401
14274871 7.263963
14268869 9.986273
14250997 52.080676
14254771 17.121572
14235440 26.843168
14200562 23.045176
14270587 28.716072
14246272 22.213808
14271665 18.868532
