5185636 17.444300
5216718 17.268135
5145232 17.889531
5053160 17.179661
5057655 18.201831
5081490 17.514851
5148230 17.616677
5134389 17.349452
4949778 17.188086
5155314 17.687294
5190329 17.927310
5130808 17.562301
5184328 17.824160
5167289 17.316305
5199696 17.971641
4901083 17.242932
5110997 17.220336
5168814 17.756311
5144706 17.534032
5177685 16.246261
5182532 18.037753
5181044 17.721696
5185356 17.413430
5178118 18.221872
5193929 17.168296
5184406 17.615873
5197048 17.385405
5175286 17.733160
5151828 17.905149
5182311 18.022922
5183069 17.833044
5148310 17.997964
