12677599 4.370723
13035293 5.322325
12598084 5.078544
12686333 4.515744
12907093 3.863115
12880175 4.667852
12939389 4.104203
12863186 5.041692
12934879 5.422011
12929503 3.425447
12940104 3.587736
12646574 2.919364
12896570 3.667925
12992217 4.143398
13023436 3.373452
12937631 3.858069
12946633 4.255653
12942438 4.688105
12968106 3.420434
12965778 5.134409
12927543 3.590819
13011883 3.867378
12969910 4.147898
12700983 4.283987
13047086 3.611423
12970716 3.898358
13031869 3.589034
13007836 4.802808
12996113 3.874344
13000754 3.966176
12956475 4.283716
13005873 4.768580
