18464903 0.045020
18641866 0.022794
18824766 0.007140
18800157 0.017103
18733493 0.028866
18082855 0.025384
18820832 0.033366
18513929 0.014411
18856736 0.025780
18763594 0.022315
18421621 0.027157
18942185 0.035689
18770787 0.024388
18941912 0.011345
18984318 0.010097
18976895 0.024490
18767836 0.017318
18736867 0.007253
18795115 0.021629
18917314 0.046142
18963074 0.019422
19005755 0.017671
18911554 0.021658
18976708 0.010373
19007850 0.018161
18963686 0.037895
18966101 0.016774
18933803 0.030285
19033160 0.022327
18928310 0.017684
18521805 0.028285
18999193 0.006890
