12090454 0.771754
12260021 0.819014
12291622 1.325292
12251089 0.159499
12236199 0.508512
10744026 2.252370
12275713 1.323313
12106043 0.745740
12290373 0.663759
12258276 2.137860
12026750 0.247139
11787235 1.174945
11322479 1.905068
10921996 0.633953
9167572 1.569918
8903084 1.278117
12176104 0.799719
12180427 0.736393
10308704 1.055717
11617794 1.956831
10854565 0.535307
10574777 0.551138
11911185 1.153302
12037781 0.854327
12284772 1.280635
12210333 1.291230
12214071 1.355975
8023313 0.448841
8345361 2.070672
8338497 1.233543
