3576138 475.366171
3694977 652.546040
3678216 484.588652
3630470 553.802236
3674125 577.574273
3266251 694.476983
3707851 560.223409
3651997 504.715194
3663871 640.263954
3558213 656.956559
3564478 705.293731
3671192 728.473330
3544115 656.590508
3359149 554.350648
3424324 608.522644
3215664 621.521236
3604363 520.820325
3511624 528.310734
3352885 577.602025
2989954 744.192732
3120457 630.964811
2894339 555.950358
3612794 608.309197
3667980 692.065796
3695783 517.023685
3674070 664.071972
3409867 595.731640
2376912 599.508655
2468948 621.251793
2480792 657.534618
