23189413 0.000002
23091629 0.000002
22112773 0.000002
23400164 0.000002
23284779 0.000005
19961555 0.000002
23178514 0.000004
22662315 0.000003
23943450 0.000000
23873510 0.000000
23185413 0.000004
22497572 0.000003
22940364 0.000002
22370577 0.000002
22789781 0.000001
18420318 0.000007
23621218 0.000003
23681522 0.000001
23026136 0.000002
22346123 0.000003
20472143 0.000002
19110890 0.000002
19574483 0.000000
23314915 0.000000
23611118 0.000002
23942372 0.000000
23701072 0.000000
15151729 0.000001
15044251 0.000004
15616180 0.000002
